[{"id": 0, "img_name": "_DSC8679", "width": 616, "height": 409, "position": [-3.79362068622298, 0.8065245954399215, -1.0985056479183641], "rotation": [[0.2832831189965546, -0.07256647369663312, 0.9562869764808153], [0.014009524980958988, 0.9973399405203779, 0.0715316451133116], [-0.9589339954873805, -0.006866581248679815, 0.28354619087648397]], "fy": 578.5591777564451, "fx": 581.5412784147853}, {"id": 1, "img_name": "_DSC8680", "width": 616, "height": 409, "position": [-3.857194655538046, 1.0866055087267583, -1.1165654123518531], "rotation": [[0.2507447632003, 0.24918552103188774, 0.9354323277691936], [0.008784491059190951, 0.96567708750694, -0.2595969864635268], [-0.9680133761702142, 0.07330988181807514, 0.2399495046532986]], "fy": 578.5591777564451, "fx": 581.5412784147853}, {"id": 2, "img_name": "_DSC8681", "width": 616, "height": 409, "position": [-3.9333073340842013, 0.8871813445950845, -0.10040563711722211], "rotation": [[0.05267077412488161, 0.016813663504045156, 0.9984703752604069], [0.06832381025289792, 0.9974545938469198, -0.020400739354310117], [-0.9962718737902879, 0.06929382319694327, 0.051387932057430225]], "fy": 578.5591777564451, "fx": 581.5412784147853}, {"id": 3, "img_name": "_DSC8682", "width": 616, "height": 409, "position": [-4.008995252961173, 1.0664371886626633, -0.09534728632544587], "rotation": [[0.08730167796929987, 0.37477108135209347, 0.9229978621892503], [0.029682948674123286, 0.9251454183759222, -0.3784506274483492], [-0.9957395942623519, 0.06043667297446418, 0.06964243661750806]], "fy": 578.5591777564451, "fx": 581.5412784147853}, {"id": 4, "img_name": "_DSC8683", "width": 616, "height": 409, "position": [-3.6378767750400116, 0.8810779453808202, 1.0630368466593898], "rotation": [[-0.22606149310159418, -0.01591646963181957, 0.9739829912945793], [0.03954229355830717, 0.9988924320444176, 0.025501298487285065], [-0.973310129587084, 0.04427838297463349, -0.22518174092125037]], "fy": 578.5591777564451, "fx": 581.5412784147853}, {"id": 5, "img_name": "_DSC8684", "width": 616, "height": 409, "position": [-3.6985596567659798, 1.006123972953835, 1.08168607995374], "rotation": [[-0.2113311625690243, 0.39360817166862844, 0.8946573349181818], [0.029109979371642915, 0.9174590892083511, -0.39676369381530524], [-0.9769809357547397, -0.057805076115011594, -0.20534562168970288]], "fy": 578.5591777564451, "fx": 581.5412784147853}, {"id": 6, "img_name": "_DSC8685", "width": 616, "height": 409, "position": [-3.013570817557279, 0.8472872172865435, 2.147509624237739], "rotation": [[-0.4755869872645074, 0.0319954832749692, 0.8790866320190917], [0.010424217786029515, 0.9994731293611345, -0.030737588854862233], [-0.8796069310937802, -0.005454606774304837, -0.4756699423305187]], "fy": 578.5591777564451, "fx": 581.5412784147853}, {"id": 7, "img_name": "_DSC8686", "width": 616, "height": 409, "position": [-3.0864421741237935, 1.031320212556936, 2.1965009474707315], "rotation": [[-0.49652023445802335, 0.35174127105497127, 0.7935652052669541], [-0.011716436227634918, 0.9114200978132331, -0.4113102605384895], [-0.8679460708453456, -0.21352162311754164, -0.4484173664850384]], "fy": 578.5591777564451, "fx": 581.5412784147853}, {"id": 8, "img_name": "_DSC8687", "width": 616, "height": 409, "position": [-2.2551223204919073, 0.7440626829813887, 3.029730633334717], "rotation": [[-0.6891515648466211, 0.001460234988774597, 0.7246157522323335], [0.012782058116245408, 0.9998668750055965, 0.010141560868821497], [-0.7245044787023515, 0.016251153199716168, -0.6890784863568976]], "fy": 578.5591777564451, "fx": 581.5412784147853}, {"id": 9, "img_name": "_DSC8688", "width": 616, "height": 409, "position": [-2.269656964123332, 0.9743840757312772, 3.089085262008147], "rotation": [[-0.6732006158454954, 0.2938058516128211, 0.6785860685154904], [0.017283366968980647, 0.9236790818510454, -0.38277700946768606], [-0.7392578819677611, -0.24595746646295244, -0.626899281096784]], "fy": 578.5591777564451, "fx": 581.5412784147853}, {"id": 10, "img_name": "_DSC8689", "width": 616, "height": 409, "position": [-1.415282472514004, 0.7783036177869226, 3.5698725617636606], "rotation": [[-0.8388599693768757, -0.0073573403475238625, 0.5442975485155503], [0.0044041340704772496, 0.9997841975558258, 0.020301771369581598], [-0.5443294548158462, 0.019427502687278133, -0.8386465386318716]], "fy": 578.5591777564451, "fx": 581.5412784147853}, {"id": 11, "img_name": "_DSC8691", "width": 616, "height": 409, "position": [-0.41304733541944016, 0.68370434217926, 3.9770957724656557], "rotation": [[-0.970365687675902, -0.028523557702800878, 0.23995174272600867], [-0.017958903232304178, 0.9987753556506821, 0.04610061539227512], [-0.24097284074344644, 0.04042518522936818, -0.9696895866323433]], "fy": 578.5591777564451, "fx": 581.5412784147853}, {"id": 12, "img_name": "_DSC8692", "width": 616, "height": 409, "position": [-0.46356345158123274, 0.878279120465664, 4.071740679102447], "rotation": [[-0.9548030379084846, 0.10698724611490666, 0.2773173055715715], [-0.0020257049324557725, 0.9306130157501432, -0.3659990593375209], [-0.2972323254968319, -0.35001877676086457, -0.8883354099632483]], "fy": 578.5591777564451, "fx": 581.5412784147853}, {"id": 13, "img_name": "_DSC8693", "width": 616, "height": 409, "position": [0.4318039468020463, 0.7120679044920131, 4.074410704298406], "rotation": [[-0.9998218887807129, 0.00045830150912100413, 0.0188674501375609], [0.0021716076383734365, 0.995858789313161, 0.09088760018831027], [-0.018747662127091145, 0.09091238478585809, -0.9956824109410166]], "fy": 578.5591777564451, "fx": 581.5412784147853}, {"id": 14, "img_name": "_DSC8694", "width": 616, "height": 409, "position": [0.43780250111934516, 0.9543407319855486, 4.176006117420096], "rotation": [[-0.999012670370895, 0.008614594751821993, 0.04358294615643939], [-0.008188834162890865, 0.9285036041527581, -0.37123308051733583], [-0.043664945132976925, -0.37122344461604245, -0.9275163215458444]], "fy": 578.5591777564451, "fx": 581.5412784147853}, {"id": 15, "img_name": "_DSC8695", "width": 616, "height": 409, "position": [1.6378165813656254, 0.7129549889482967, 4.030145512287968], "rotation": [[-0.9483325251165942, 0.04218805565463144, -0.31446079209667055], [0.02894164020634047, 0.9984906812426273, 0.04667698505474641], [0.31595538176798077, 0.03516429199793453, -0.9481221805759704]], "fy": 578.5591777564451, "fx": 581.5412784147853}, {"id": 16, "img_name": "_DSC8696", "width": 616, "height": 409, "position": [1.6449535140718325, 0.9720835027253661, 4.052476802542723], "rotation": [[-0.9105911185176381, -0.208570117874998, -0.3568225340507603], [-0.02218375357228013, 0.8867519049383139, -0.46171304959435144], [0.41271260697274664, -0.41251613909989177, -0.8120952770629056]], "fy": 578.5591777564451, "fx": 581.5412784147853}, {"id": 17, "img_name": "_DSC8697", "width": 616, "height": 409, "position": [2.8307183406347924, 0.6233708521281446, 3.34947211519272], "rotation": [[-0.753026471890089, 0.0702939907144611, -0.6542246460522565], [0.013859038604619978, 0.9957510076393159, 0.09103767260998377], [0.6578442518421215, 0.05948685278884901, -0.7508010752946197]], "fy": 578.5591777564451, "fx": 581.5412784147853}, {"id": 18, "img_name": "_DSC8698", "width": 616, "height": 409, "position": [2.931098450761267, 0.864421806139328, 3.3952229439019463], "rotation": [[-0.7458807268446113, -0.329088466255554, -0.5791051050537557], [-0.019673585646977302, 0.8799286605563629, -0.47469832774013027], [0.6657889240213789, -0.342675259843853, -0.662796179033496]], "fy": 578.5591777564451, "fx": 581.5412784147853}, {"id": 19, "img_name": "_DSC8699", "width": 616, "height": 409, "position": [3.582287809066943, 0.6178553054460483, 2.2535030527073623], "rotation": [[-0.524511565023945, 0.06895921688100172, -0.8486060597021979], [0.017784646503822932, 0.9973844572313771, 0.07005676856668212], [0.8512175541569061, 0.021653426528625116, -0.5243660978883966]], "fy": 578.5591777564451, "fx": 581.5412784147853}, {"id": 20, "img_name": "_DSC8700", "width": 616, "height": 409, "position": [3.6477252369598006, 0.8549538727622695, 2.33155337098284], "rotation": [[-0.5492466327090777, -0.37944914406889235, -0.7445444805537975], [-0.007897215377812593, 0.8932825636385534, -0.44942618469400514], [0.8356229834363196, -0.24096599047317555, -0.4936290317518465]], "fy": 578.5591777564451, "fx": 581.5412784147853}, {"id": 21, "img_name": "_DSC8701", "width": 616, "height": 409, "position": [3.9116053301029297, 0.6890957860346066, 1.1208778278889109], "rotation": [[-0.31649367260619793, 0.0728112331799512, -0.9457961088538347], [0.014896661714062603, 0.9973083797621161, 0.07179195725176789], [0.9484776458462353, 0.008632495530126901, -0.3167264361415143]], "fy": 578.5591777564451, "fx": 581.5412784147853}, {"id": 22, "img_name": "_DSC8702", "width": 616, "height": 409, "position": [3.9235348416420184, 0.9553193917949026, 1.1148925430895384], "rotation": [[-0.2767184353550116, -0.3945390514509761, -0.8762224856820544], [-0.02706246656675381, 0.9146663537027527, -0.4033027204314819], [0.9605698987778024, -0.08788855604841087, -0.26378224215767015]], "fy": 578.5591777564451, "fx": 581.5412784147853}, {"id": 23, "img_name": "_DSC8703", "width": 616, "height": 409, "position": [3.875852306878818, 0.6429504579258799, 0.1358129797475898], "rotation": [[-0.05135476703948777, 0.12462355781238046, -0.9908741881492849], [-0.009727991873991855, 0.9920739043352723, 0.12527862751111396], [0.9986330928205913, 0.016072870781324532, -0.049735387285386214]], "fy": 578.5591777564451, "fx": 581.5412784147853}, {"id": 24, "img_name": "_DSC8704", "width": 616, "height": 409, "position": [3.8981660743313347, 0.8836050192873611, 0.11696336925669878], "rotation": [[-0.02022757673906236, -0.5138784731993282, -0.8576244865450101], [-0.025600606939672588, 0.8577849474661055, -0.5133708141537568], [0.9994675852990859, 0.011571459842987207, -0.030506511657618286]], "fy": 578.5591777564451, "fx": 581.5412784147853}, {"id": 25, "img_name": "_DSC8705", "width": 616, "height": 409, "position": [3.627798288954595, 0.5484492798829392, -0.9697890376927396], "rotation": [[0.23378549386414174, 0.10056470609556165, -0.9670734629523304], [-0.02223060768539153, 0.994929488513425, 0.09808727220364911], [0.972034023550944, -0.001432750616070322, 0.23483569636031623]], "fy": 578.5591777564451, "fx": 581.5412784147853}, {"id": 26, "img_name": "_DSC8706", "width": 616, "height": 409, "position": [3.709448589892441, 1.0523622863076647, -0.955512144024988], "rotation": [[0.24868393801221844, -0.19193869621135562, -0.9493765511489208], [-0.07120412409764042, 0.9738939708422799, -0.2155469931790843], [0.9659639080660429, 0.1212026008538651, 0.22852496113124218]], "fy": 578.5591777564451, "fx": 581.5412784147853}, {"id": 27, "img_name": "_DSC8707", "width": 616, "height": 409, "position": [3.2925020259807645, 0.6260392454784238, -2.0086100818653576], "rotation": [[0.46937510937903143, 0.11200052586608181, -0.8758669356135915], [-0.02964597437831318, 0.9933627083584817, 0.11113795861838668], [0.8825010611317033, -0.026199462750655298, 0.46958009460899675]], "fy": 578.5591777564451, "fx": 581.5412784147853}, {"id": 28, "img_name": "_DSC8708", "width": 616, "height": 409, "position": [3.3298553345435624, 1.0071149528120673, -2.039327548583949], "rotation": [[0.4860497004060869, -0.2564417394988362, -0.8354599469621294], [-0.036162085440693596, 0.9492587743208485, -0.31241011979681543], [0.8731826798051674, 0.18205881911539368, 0.4521134747721806]], "fy": 578.5591777564451, "fx": 581.5412784147853}, {"id": 29, "img_name": "_DSC8709", "width": 616, "height": 409, "position": [2.5861901806752945, 0.6254669583459662, -2.925911667907524], "rotation": [[0.7169157491953727, 0.04715356610756457, -0.6955633326728611], [-0.003129621492748417, 0.997917641273059, 0.0644250471891657], [0.6971527910185468, -0.04401048101706726, 0.7155704462425041]], "fy": 578.5591777564451, "fx": 581.5412784147853}, {"id": 30, "img_name": "_DSC8710", "width": 616, "height": 409, "position": [2.713468338155129, 1.1228660517071802, -3.0298885328438945], "rotation": [[0.7199460522452702, -0.157211139076859, -0.6759898960832236], [-0.046804735371610964, 0.9607911960301945, -0.273293970620762], [0.692449997186255, 0.2283964434509104, 0.6843596028519878]], "fy": 578.5591777564451, "fx": 581.5412784147853}, {"id": 31, "img_name": "_DSC8711", "width": 616, "height": 409, "position": [1.780485636172429, 0.6986038908940632, -3.6536463584325958], "rotation": [[0.8826643184235569, 0.06263529480153607, -0.4658116795734116], [-0.0002464797965727876, 0.991141928275778, 0.13280669132796963], [0.47000387256871395, -0.1171089145150675, 0.8748610529172702]], "fy": 578.5591777564451, "fx": 581.5412784147853}, {"id": 32, "img_name": "_DSC8712", "width": 616, "height": 409, "position": [1.8480757339322849, 1.2097809369178265, -3.771764327524912], "rotation": [[0.9044686981789857, -0.09306751608363942, -0.4162629114687404], [-0.038744177180425284, 0.9539457974243729, -0.2974664759447514], [0.4247767210535703, 0.2851768802452244, 0.8592082891968503]], "fy": 578.5591777564451, "fx": 581.5412784147853}, {"id": 33, "img_name": "_DSC8713", "width": 616, "height": 409, "position": [1.0914727239464557, 0.6230074705953199, -3.8697027843371865], "rotation": [[0.9658319433330617, 0.03757508937656008, -0.25643082867671235], [0.0006904099292053608, 0.9890576262062732, 0.14752808335141296], [0.25916824761457863, -0.14266437782976985, 0.9552375069723932]], "fy": 578.5591777564451, "fx": 581.5412784147853}, {"id": 34, "img_name": "_DSC8714", "width": 616, "height": 409, "position": [1.102935261553546, 1.1796424253687785, -4.039771811921426], "rotation": [[0.9817556966055639, -0.03743350230875369, -0.18642554837635472], [-0.0290444772329885, 0.9394028723280575, -0.34158258416385634], [0.1879153280730086, 0.3407652804595798, 0.9211768848101418]], "fy": 578.5591777564451, "fx": 581.5412784147853}, {"id": 35, "img_name": "_DSC8715", "width": 616, "height": 409, "position": [0.2472839626907104, 0.612553761088444, -4.158313600629514], "rotation": [[0.9993777910025468, -0.005116319225615023, 0.03489776681180623], [0.0007446443693372179, 0.9922631949959093, 0.12414989875659617], [-0.035262960108771585, -0.1240466651469981, 0.9916496097464446]], "fy": 578.5591777564451, "fx": 581.5412784147853}, {"id": 36, "img_name": "_DSC8716", "width": 616, "height": 409, "position": [0.20361361514862159, 1.1848144590883514, -4.244172650811143], "rotation": [[0.9966857098338051, 0.06613449420288685, 0.047369024579495565], [-0.04393732912427375, 0.9276997365678067, -0.3707326663263536], [-0.06846244899585302, 0.3674226822728158, 0.9275308434919778]], "fy": 578.5591777564451, "fx": 581.5412784147853}, {"id": 37, "img_name": "_DSC8717", "width": 616, "height": 409, "position": [-0.8688795154837513, 0.5432614373825198, -4.045423671772636], "rotation": [[0.937634007410539, -0.0361247311896492, 0.345741915225402], [0.012311083097919598, 0.9974126168709615, 0.070827317749417], [-0.3474059662415278, -0.06215364432675165, 0.9356527235661177]], "fy": 578.5591777564451, "fx": 581.5412784147853}, {"id": 38, "img_name": "_DSC8718", "width": 616, "height": 409, "position": [-0.9347198390716697, 1.1622620164723085, -4.207708368856414], "rotation": [[0.9481306778328501, 0.13373861311287, 0.2883785725654153], [-0.03896672224816997, 0.9492469769021465, -0.3121085891150223], [-0.3154834580599344, 0.2846825604156003, 0.9052215350320405]], "fy": 578.5591777564451, "fx": 581.5412784147853}, {"id": 39, "img_name": "_DSC8719", "width": 616, "height": 409, "position": [-1.6524840878086773, 0.5305379123730292, -3.66828717702579], "rotation": [[0.8308561451673906, -0.0714206612662336, 0.5518850923714806], [0.01951893351566674, 0.994859941955447, 0.09936149720498061], [-0.5561448347975506, -0.07178290211950412, 0.8279795514934574]], "fy": 578.5591777564451, "fx": 581.5412784147853}, {"id": 40, "img_name": "_DSC8720", "width": 616, "height": 409, "position": [-1.7776085503994976, 1.074129909083416, -3.7954190951680213], "rotation": [[0.8409014314246782, 0.21310318147105428, 0.4974653924393554], [0.011056864758367025, 0.9122525233277371, -0.40947903416889564], [-0.5410753444481111, 0.34983191353718907, 0.7647581996299656]], "fy": 578.5591777564451, "fx": 581.5412784147853}, {"id": 41, "img_name": "_DSC8721", "width": 616, "height": 409, "position": [-2.3769084069532096, 0.5166948070161778, -2.934568192662684], "rotation": [[0.651060958858272, -0.1120205272648759, 0.7507136799884806], [0.032207096174200395, 0.9922358000208725, 0.12012834849844807], [-0.7583418297882383, -0.05403257006878338, 0.6496138472701984]], "fy": 578.5591777564451, "fx": 581.5412784147853}, {"id": 42, "img_name": "_DSC8722", "width": 616, "height": 409, "position": [-2.566792376515654, 1.1222918636472858, -3.0059092964776224], "rotation": [[0.6414706321784805, 0.26635331220930064, 0.7194243122995462], [-0.004210514090005677, 0.938999538459928, -0.34389262618314487], [-0.7671360372343605, 0.21756787411558992, 0.6034621119251685]], "fy": 578.5591777564451, "fx": 581.5412784147853}, {"id": 43, "img_name": "_DSC8723", "width": 616, "height": 409, "position": [-2.9749640877081354, 0.943612999223977, -2.208856578030475], "rotation": [[0.48445445316089775, 0.010491029300164807, 0.8747535773672482], [0.023126502941002054, 0.9994250432452796, -0.024794108088232666], [-0.8745107476036501, 0.032241607255132684, 0.48393329198073415]], "fy": 578.5591777564451, "fx": 581.5412784147853}, {"id": 44, "img_name": "_DSC8724", "width": 616, "height": 409, "position": [-3.02297793278009, 1.2442834561169889, -2.230586983157218], "rotation": [[0.4674689495866791, 0.2829082634859258, 0.8375175792923424], [0.021219876930450212, 0.9435438178322945, -0.3305673617487286], [-0.8837547725446144, 0.17230199732398999, 0.4350741588772888]], "fy": 578.5591777564451, "fx": 581.5412784147853}, {"id": 45, "img_name": "_DSC8725", "width": 616, "height": 409, "position": [-3.11643474836641, 0.5251373771061669, -1.2116543363667327], "rotation": [[0.3391669053011565, -0.03828155157770528, 0.9399469842268977], [0.022548888696233955, 0.9992154236550723, 0.03255894267907013], [-0.9404559309010716, 0.010151844099355127, 0.3397640094159197]], "fy": 578.5591777564451, "fx": 581.5412784147853}, {"id": 46, "img_name": "_DSC8726", "width": 616, "height": 409, "position": [-3.322143305469603, 1.184542617180528, -1.2385415661485573], "rotation": [[0.2947521662373878, 0.35332327647240597, 0.8878534917435257], [0.015470852320905134, 0.9272450743511392, -0.374135302825081], [-0.9554484880027976, 0.12401304122693775, 0.2678412820661031]], "fy": 578.5591777564451, "fx": 581.5412784147853}, {"id": 47, "img_name": "_DSC8727", "width": 616, "height": 409, "position": [-3.3750723971984553, 0.34950877198285, -0.31429584256086646], "rotation": [[0.0883073402103936, -0.1722413668450348, 0.9810885409647387], [0.027016912313095155, 0.9849882268044547, 0.17049422132636183], [-0.9957268200234602, 0.011450091876053628, 0.09163512035239328]], "fy": 578.5591777564451, "fx": 581.5412784147853}, {"id": 48, "img_name": "_DSC8728", "width": 616, "height": 409, "position": [-3.482336933217877, 0.6599421809251792, -0.325031471137294], "rotation": [[0.05854017234611923, 0.2620830192055533, 0.963268155430142], [0.06535332712175375, 0.9618468959865273, -0.26566800958188386], [-0.9961435593606996, 0.07850502993556835, 0.039178685774433716]], "fy": 578.5591777564451, "fx": 581.5412784147853}, {"id": 49, "img_name": "_DSC8729", "width": 616, "height": 409, "position": [-3.314266995253299, 0.35901467071889964, 0.4629846563663636], "rotation": [[-0.11474190579779575, -0.23033285842304924, 0.9663234807167613], [0.034600998755965055, 0.9712312416073474, 0.23561121834696286], [-0.9927925593692668, 0.06047023777461164, -0.10347117668463265]], "fy": 578.5591777564451, "fx": 581.5412784147853}, {"id": 50, "img_name": "_DSC8730", "width": 616, "height": 409, "position": [-3.4593263806968926, 0.6359941668927463, 0.5026067144182177], "rotation": [[-0.06841859872569538, 0.26109735751401103, 0.9628847621847655], [0.023239525941637446, 0.9653016017802226, -0.2601014072136954], [-0.9973859933758945, 0.00458121160145773, -0.07211236175471195]], "fy": 578.5591777564451, "fx": 581.5412784147853}, {"id": 51, "img_name": "_DSC8731", "width": 616, "height": 409, "position": [-3.1666817538067087, 0.2753723969168522, 1.1177434191906122], "rotation": [[-0.2468543564689249, -0.21923072679127392, 0.943928395124801], [0.024900921113268703, 0.9723167669847057, 0.2323360685905655], [-0.9687326105897456, 0.0808578572000211, -0.2345615827645211]], "fy": 578.5591777564451, "fx": 581.5412784147853}, {"id": 52, "img_name": "_DSC8732", "width": 616, "height": 409, "position": [-3.363312269878562, 0.6659464062705406, 1.1993957361673704], "rotation": [[-0.23873539678155403, 0.2506944644473588, 0.9381672003534365], [0.06547247557883691, 0.9680593985225302, -0.2420213954876214], [-0.9688749998142856, 0.003645055232643405, -0.24752363181566805]], "fy": 578.5591777564451, "fx": 581.5412784147853}, {"id": 53, "img_name": "_DSC8733", "width": 616, "height": 409, "position": [-2.644576837154287, 0.16789849477874869, 1.945238030800649], "rotation": [[-0.5085673730137498, -0.17444306143976823, 0.8431659655260135], [0.019724658153901134, 0.9766442120120007, 0.2139556519565915], [-0.8607962389361407, 0.1254420242940125, -0.4932485515178074]], "fy": 578.5591777564451, "fx": 581.5412784147853}, {"id": 54, "img_name": "_DSC8734", "width": 616, "height": 409, "position": [-2.880084553040063, 0.5798434644265605, 2.0995938337979063], "rotation": [[-0.4816999872675865, 0.15986841357539755, 0.8616305545924492], [-0.006349957852366962, 0.9825566204709382, -0.1858552275401528], [-0.8763131861963961, -0.09499777844567969, -0.4722823538824051]], "fy": 578.5591777564451, "fx": 581.5412784147853}, {"id": 55, "img_name": "_DSC8735", "width": 616, "height": 409, "position": [-2.2110262831839385, 0.09095549084096495, 2.5638622722899957], "rotation": [[-0.6495020559419634, -0.2267034618357625, 0.7257772521365238], [-0.014589348373075376, 0.958058074870564, 0.2862025088802639], [-0.7602198565160027, 0.17530050076080642, -0.625568145122335]], "fy": 578.5591777564451, "fx": 581.5412784147853}, {"id": 56, "img_name": "_DSC8736", "width": 616, "height": 409, "position": [-2.3899526776972375, 0.5683066561129255, 2.729436314107503], "rotation": [[-0.6552603191887858, 0.13650504311981945, 0.7429672181862849], [-0.007258553264422921, 0.9823541844701033, -0.1868891908553985], [-0.7553682727657536, -0.12785393797976763, -0.6427068873459718]], "fy": 578.5591777564451, "fx": 581.5412784147853}, {"id": 57, "img_name": "_DSC8737", "width": 616, "height": 409, "position": [-1.6653718985746582, -0.08110321402844953, 3.0095840294262066], "rotation": [[-0.7622299595524578, -0.20107377736913568, 0.6152843446855814], [-0.016828150413249744, 0.9563645572705515, 0.2916910128035679], [-0.6470875536697697, 0.2119815313917923, -0.7323534175754648]], "fy": 578.5591777564451, "fx": 581.5412784147853}, {"id": 58, "img_name": "_DSC8738", "width": 616, "height": 409, "position": [-1.8098513556096676, 0.47592375749342075, 3.23969820371044], "rotation": [[-0.7355486980060569, 0.0761245564273303, 0.6731813758344298], [-0.01791067447248981, 0.9911345378479367, -0.13164929025595712], [-0.6772350556502035, -0.10889159652470407, -0.7276642767133524]], "fy": 578.5591777564451, "fx": 581.5412784147853}, {"id": 59, "img_name": "_DSC8739", "width": 616, "height": 409, "position": [-1.1093621407337075, 0.1386910173290094, 3.4514331485855574], "rotation": [[-0.8757117867638476, -0.15408928863981178, 0.45758644827982553], [-0.024038864382731482, 0.9604479602504505, 0.2774199860318968], [-0.48223541919072815, 0.23194009307841965, -0.8447797308770588]], "fy": 578.5591777564451, "fx": 581.5412784147853}, {"id": 60, "img_name": "_DSC8741", "width": 616, "height": 409, "position": [-1.0811727508910283, 0.5817353016487405, 3.6720066537826317], "rotation": [[-0.8960386339545306, 0.090134350586249, 0.43473045132046323], [-0.000271759863973873, 0.9790638414285875, -0.2035532376398715], [-0.44397600454019454, -0.18250970728016852, -0.8772545321290921]], "fy": 578.5591777564451, "fx": 581.5412784147853}, {"id": 61, "img_name": "_DSC8742", "width": 616, "height": 409, "position": [-0.27612287164288324, 0.11277941671458462, 3.90188365483202], "rotation": [[-0.9846404990632233, -0.053365163265989245, 0.16623852427798025], [-0.015004889350876736, 0.9744850972772203, 0.22395010265720863], [-0.1739480982939862, 0.2180159501830099, -0.9603182308827136]], "fy": 578.5591777564451, "fx": 581.5412784147853}, {"id": 62, "img_name": "_DSC8743", "width": 616, "height": 409, "position": [-0.30061800967052216, 0.5068802313831116, 4.1728079891114], "rotation": [[-0.9656107842510099, 0.04655486438465197, 0.2557898706756698], [0.007846193379404095, 0.9886075729196555, -0.15031135690745756], [-0.2598735280624062, -0.14313529043542952, -0.9549754122721497]], "fy": 578.5591777564451, "fx": 581.5412784147853}, {"id": 63, "img_name": "_DSC8744", "width": 616, "height": 409, "position": [0.7425442571623757, 0.11289581644813798, 3.973385351651289], "rotation": [[-0.9928391579305982, 0.025038592260456835, -0.11680528831039802], [-0.00566414182742558, 0.966820394453067, 0.25539428804688363], [0.11932444836251885, 0.25422705160393594, -0.9597553241611897]], "fy": 578.5591777564451, "fx": 581.5412784147853}, {"id": 64, "img_name": "_DSC8745", "width": 616, "height": 409, "position": [0.7564956285621037, 0.5436253906807073, 4.266781702968119], "rotation": [[-0.9969375394582722, -0.037141344425820656, -0.06881905951935093], [-0.02375882560195041, 0.9822720893801647, -0.18594908074723474], [0.07450544023694855, -0.18374455899146533, -0.9801463545900326]], "fy": 578.5591777564451, "fx": 581.5412784147853}, {"id": 65, "img_name": "_DSC8746", "width": 616, "height": 409, "position": [1.6003126244538923, 0.010196644473013756, 3.761497966569573], "rotation": [[-0.9301677892460798, 0.07420295829500735, -0.3595577906669926], [-0.015396599256696123, 0.9706162863722156, 0.24013947897073792], [0.36681170725644546, 0.22890597547743963, -0.9016935320885542]], "fy": 578.5591777564451, "fx": 581.5412784147853}, {"id": 66, "img_name": "_DSC8747", "width": 616, "height": 409, "position": [1.7290245364683066, 0.5454747769001105, 4.004357156297518], "rotation": [[-0.9412815315290114, -0.059777528718574724, -0.33228861771462864], [-0.0062874126937630835, 0.9871340225601254, -0.1597713677286532], [0.3375641373783906, -0.1483006020370996, -0.9295468705726553]], "fy": 578.5591777564451, "fx": 581.5412784147853}, {"id": 67, "img_name": "_DSC8748", "width": 616, "height": 409, "position": [2.541754140845429, -0.1262203697385506, 3.3580858583444226], "rotation": [[-0.8334167760871415, 0.16177931701313994, -0.5284353602128424], [-0.007150743813833766, 0.952956349117416, 0.30302320627257995], [0.5525987189628868, 0.25632332953433556, -0.7930529657828711]], "fy": 578.5591777564451, "fx": 581.5412784147853}, {"id": 68, "img_name": "_DSC8749", "width": 616, "height": 409, "position": [2.697666467499326, 0.45158380958405675, 3.5810995038492015], "rotation": [[-0.8136306632490551, -0.01089864428169932, -0.5812799354645946], [0.03856827014575068, 0.996609982202246, -0.07267070876772377], [0.5801013983424508, -0.08154607855476506, -0.8104520989629634]], "fy": 578.5591777564451, "fx": 581.5412784147853}, {"id": 69, "img_name": "_DSC8750", "width": 616, "height": 409, "position": [3.152863114220678, 0.047988917256249625, 2.5578506682931765], "rotation": [[-0.5963978882143521, 0.23959879745850426, -0.7660952781409757], [0.0041518987973162245, 0.9553191851716919, 0.29554697795658713], [0.8026782173884109, 0.17308284345749916, -0.5707451345660589]], "fy": 578.5591777564451, "fx": 581.5412784147853}, {"id": 70, "img_name": "_DSC8751", "width": 616, "height": 409, "position": [3.3584707392006026, 0.47866695041719015, 2.7138341149700804], "rotation": [[-0.6480201913939792, -0.06495889343382891, -0.7588479252851411], [-0.004388330874047745, 0.9966580778328779, -0.08156848927504362], [0.7616105133845325, -0.04952795225249563, -0.6461396194692165]], "fy": 578.5591777564451, "fx": 581.5412784147853}, {"id": 71, "img_name": "_DSC8752", "width": 616, "height": 409, "position": [3.6089877957590826, 0.05892849689665337, 1.795755281283492], "rotation": [[-0.4618309552436948, 0.26032388691446895, -0.8479054444219818], [-0.016167399953438376, 0.9533299628757774, 0.3014972587968496], [0.886820604157031, 0.15294919347617267, -0.43606852702017646]], "fy": 578.5591777564451, "fx": 581.5412784147853}, {"id": 72, "img_name": "_DSC8753", "width": 616, "height": 409, "position": [3.780618829719476, 0.4897489945088417, 1.9194571672066258], "rotation": [[-0.5205756304919081, -0.11280049157704347, -0.8463315319884572], [-0.022650143783277815, 0.992710231973424, -0.118378065205796], [0.8535150753938378, -0.04245520504305916, -0.5193357022583781]], "fy": 578.5591777564451, "fx": 581.5412784147853}, {"id": 73, "img_name": "_DSC8754", "width": 616, "height": 409, "position": [3.710284729074554, 0.044420266195160346, 0.7920207685699567], "rotation": [[-0.235735103826482, 0.31673769243043104, -0.9187525210946433], [-0.0013704437131708519, 0.9452870076509555, 0.326237022807546], [0.9718163832267629, 0.07816461706007327, -0.22240325971510694]], "fy": 578.5591777564451, "fx": 581.5412784147853}, {"id": 74, "img_name": "_DSC8755", "width": 616, "height": 409, "position": [3.9543040359535295, 0.5582760458314441, 0.8706057692721655], "rotation": [[-0.23932874821937616, -0.16665632572403452, -0.9565288387560045], [-0.022502238727650024, 0.9858463846631743, -0.16613414790100403], [0.9706778041801459, -0.018236637374070577, -0.23969152160495028]], "fy": 578.5591777564451, "fx": 581.5412784147853}, {"id": 75, "img_name": "_DSC8756", "width": 616, "height": 409, "position": [3.551475254052494, 0.14395451639361617, -0.171414378120315], "rotation": [[0.03145809222377772, 0.3297006511468559, -0.9435612693762812], [0.015755943073777687, 0.9437476163424086, 0.33029106392071533], [0.9993808776895301, -0.02525702439642158, 0.024493754860012627]], "fy": 578.5591777564451, "fx": 581.5412784147853}, {"id": 76, "img_name": "_DSC8757", "width": 616, "height": 409, "position": [3.7948599570446713, 0.6173485392343758, -0.15654504595956642], "rotation": [[-0.03252909368700344, -0.11348087331271912, -0.9930075273914517], [-0.02236795514226645, 0.9933671339322422, -0.11278923621514766], [0.9992204624839583, 0.018542616196896795, -0.03485166764903617]], "fy": 578.5591777564451, "fx": 581.5412784147853}, {"id": 77, "img_name": "_DSC8758", "width": 616, "height": 409, "position": [3.4227524518807586, 0.15509421530328527, -1.0486205886211681], "rotation": [[0.25607385685445, 0.29299924556608664, -0.9211827299365694], [-0.0331299849222381, 0.9550572806008577, 0.2945640760010411], [0.9660893250288706, -0.04491138907892926, 0.2542722619482159]], "fy": 578.5591777564451, "fx": 581.5412784147853}, {"id": 78, "img_name": "_DSC8759", "width": 616, "height": 409, "position": [3.705242270606821, 0.6711154125784364, -1.1120730317095129], "rotation": [[0.2728992967216592, -0.11634085386018583, -0.9549820833774351], [-0.008177095607246427, 0.9923445393548502, -0.12322925918806825], [0.962007852855814, 0.041438157966939525, 0.2698587966104739]], "fy": 578.5591777564451, "fx": 581.5412784147853}, {"id": 79, "img_name": "_DSC8760", "width": 616, "height": 409, "position": [3.1021812111498566, 0.1945902590496867, -2.07576553016749], "rotation": [[0.537737698896094, 0.24568128529345953, -0.8065227047284458], [-0.029425099145367704, 0.9614878762014709, 0.2732676846205386], [0.8425985584643609, -0.12321432536088729, 0.524257474242993]], "fy": 578.5591777564451, "fx": 581.5412784147853}, {"id": 80, "img_name": "_DSC8761", "width": 616, "height": 409, "position": [3.3270795537638693, 0.6690774697375133, -2.2131198802001997], "rotation": [[0.5137600069560931, -0.12965671441296342, -0.8480800620578874], [-0.03173147207285597, 0.9849663566495992, -0.16980691961314143], [0.8573469361539494, 0.11415083300637607, 0.5019221238313627]], "fy": 578.5591777564451, "fx": 581.5412784147853}, {"id": 81, "img_name": "_DSC8762", "width": 616, "height": 409, "position": [2.6849067667998807, -0.044880905899990824, -2.724776895076319], "rotation": [[0.6657335589872736, 0.2788274236148942, -0.6921373391736778], [-0.06606411954760683, 0.9459442300918695, 0.31752959809173636], [0.7432592821798716, -0.16566466550287787, 0.6481673071493823]], "fy": 578.5591777564451, "fx": 581.5412784147853}, {"id": 82, "img_name": "_DSC8763", "width": 616, "height": 409, "position": [2.9770585406103423, 0.6275720371438026, -2.935249144446185], "rotation": [[0.6337068855130112, -0.09312967470894944, -0.7679469037257748], [-0.025135323285416233, 0.9897237254149119, -0.14076634141074135], [0.773164794061872, 0.1085071934916439, 0.6248538950697435]], "fy": 578.5591777564451, "fx": 581.5412784147853}, {"id": 83, "img_name": "_DSC8764", "width": 616, "height": 409, "position": [2.113727310030557, 0.2832744943732638, -3.6074570717397143], "rotation": [[0.8665840732066463, 0.16995996147224046, -0.469196819640684], [-0.05044196765644709, 0.9652329028484242, 0.25647816896911596], [0.4964752279454877, -0.1985926855530158, 0.8450285754229363]], "fy": 578.5591777564451, "fx": 581.5412784147853}, {"id": 84, "img_name": "_DSC8765", "width": 616, "height": 409, "position": [2.207829689223476, 0.7904958818360929, -3.7612486242445358], "rotation": [[0.848315649851013, -0.06942806221182532, -0.524919329416782], [-0.031461555179059714, 0.9830053081337624, -0.18086109235145592], [0.5285553223301872, 0.16994207353789054, 0.8317144719662355]], "fy": 578.5591777564451, "fx": 581.5412784147853}, {"id": 85, "img_name": "_DSC8766", "width": 616, "height": 409, "position": [1.4113085244818668, 0.3203588954485937, -4.018349468571668], "rotation": [[0.9543502057155896, 0.1184711803364496, -0.2741901972724412], [-0.03960890288523008, 0.9600651823789411, 0.2769584452511222], [0.29605205566393245, -0.2534549763042321, 0.9209309177803627]], "fy": 578.5591777564451, "fx": 581.5412784147853}, {"id": 86, "img_name": "_DSC8767", "width": 616, "height": 409, "position": [1.4422155737228224, 0.8057354969877822, -4.1710857685239064], "rotation": [[0.9379659331091882, -0.049818565741659375, -0.3431297405268942], [-0.015223576460329463, 0.9827522986223742, -0.1842991108828151], [0.346393058600149, 0.17808994935111755, 0.9210297600478228]], "fy": 578.5591777564451, "fx": 581.5412784147853}, {"id": 87, "img_name": "_DSC8768", "width": 616, "height": 409, "position": [0.40640549892302785, 0.5086518192938685, -4.18228488304579], "rotation": [[0.9998897569888885, -0.00356512493058122, 0.014414012381382155], [0.0007756665847819214, 0.9819635163478421, 0.18906890517250763], [-0.014828088550131556, -0.18903688117933706, 0.9818580270812775]], "fy": 578.5591777564451, "fx": 581.5412784147853}, {"id": 88, "img_name": "_DSC8769", "width": 616, "height": 409, "position": [0.3620920170774973, 0.8880371983864382, -4.355662811531266], "rotation": [[0.9986347139234384, -0.020044135221523564, -0.04823837466450826], [0.009736037088477064, 0.9786901532355745, -0.20511166115445353], [0.05132170816393384, 0.20436197445451745, 0.9775491116400175]], "fy": 578.5591777564451, "fx": 581.5412784147853}, {"id": 89, "img_name": "_DSC8770", "width": 616, "height": 409, "position": [-0.8507370093305995, 0.44478812683828395, -4.08822762923282], "rotation": [[0.9304698176386789, -0.09601337432267819, 0.3535637854965031], [0.024294311262260268, 0.9790951154719378, 0.20194687741900133], [-0.3655621765223207, -0.17931588554884367, 0.9133510323452302]], "fy": 578.5591777564451, "fx": 581.5412784147853}, {"id": 90, "img_name": "_DSC8771", "width": 616, "height": 409, "position": [-0.926794530622567, 0.8835475732627512, -4.2766474725209855], "rotation": [[0.9041241830723287, 0.08509992995200141, 0.4187092828036642], [-0.004255010044864654, 0.9817093723057552, -0.19033812864625552], [-0.4272485886147695, 0.17030769286560385, 0.8879492853071523]], "fy": 578.5591777564451, "fx": 581.5412784147853}, {"id": 91, "img_name": "_DSC8772", "width": 616, "height": 409, "position": [-1.760381154497167, 0.4000205216208569, -3.4883258768884837], "rotation": [[0.8132293398468204, -0.12960527157906993, 0.5673275195081058], [0.011391759945704329, 0.9782430715541418, 0.2071490303179279], [-0.5818318215924978, -0.1619968102625293, 0.797012399431227]], "fy": 578.5591777564451, "fx": 581.5412784147853}, {"id": 92, "img_name": "_DSC8773", "width": 616, "height": 409, "position": [-1.8819072484562287, 0.8578621110011185, -3.6501362096340846], "rotation": [[0.7994382090000504, 0.13078894692261886, 0.5863384699588322], [0.029115832603390176, 0.9664312249287849, -0.2552703581978526], [-0.6000423470744404, 0.22114461070874186, 0.7687940184938198]], "fy": 578.5591777564451, "fx": 581.5412784147853}, {"id": 93, "img_name": "_DSC8774", "width": 616, "height": 409, "position": [-2.223755520882802, 0.04179138173548702, -2.7137254568981812], "rotation": [[0.6705688869939556, -0.2365510135354372, 0.7031223121129389], [0.05331483590573278, 0.9607153823226551, 0.2723664488166259], [-0.7399289804217919, -0.1451536157455002, 0.6568375231120519]], "fy": 578.5591777564451, "fx": 581.5412784147853}, {"id": 94, "img_name": "_DSC8775", "width": 616, "height": 409, "position": [-2.468611807824487, 0.784753245955799, -2.9529311677979453], "rotation": [[0.6804752388568297, 0.15095342983881255, 0.7170540504889705], [0.020173620512100063, 0.9743210927162654, -0.22425751564577723], [-0.7324933271628996, 0.16706726282572817, 0.6599561010807797]], "fy": 578.5591777564451, "fx": 581.5412784147853}, {"id": 95, "img_name": "_DSC8776", "width": 616, "height": 409, "position": [-2.7040852132355826, -0.029727379921560444, -1.8276320375062693], "rotation": [[0.49884172536687016, -0.25187045283926546, 0.8292877715362426], [0.04934819021933062, 0.9635433308632798, 0.26296198522024694], [-0.8652870559271535, -0.09025255971683004, 0.4930849686509205]], "fy": 578.5591777564451, "fx": 581.5412784147853}, {"id": 96, "img_name": "_DSC8777", "width": 616, "height": 409, "position": [-2.9798454173468683, 0.8114339832049035, -1.972426924121985], "rotation": [[0.548538762162689, 0.16004895253401782, 0.8206640964473761], [0.030973294069256828, 0.9769454452090341, -0.21123032959265384], [-0.8355512440655712, 0.14128669391731674, 0.5309352019431282]], "fy": 578.5591777564451, "fx": 581.5412784147853}, {"id": 97, "img_name": "_DSC8778", "width": 616, "height": 409, "position": [-2.8712108498183153, 0.0015292531799577032, -0.8407161645875828], "rotation": [[0.2634837267259998, -0.27856416810521245, 0.9235682595230467], [0.07493535362542647, 0.9604164720068785, 0.26830000573032653], [-0.9617489373675495, -0.0014847712658543435, 0.273928415697746]], "fy": 578.5591777564451, "fx": 581.5412784147853}, {"id": 98, "img_name": "_DSC8779", "width": 616, "height": 409, "position": [-3.2311322587876408, 0.8079350940697152, -0.9033179620958901], "rotation": [[0.2895439241705748, 0.23073850205511945, 0.9289370590332071], [0.02997872314064478, 0.9678468244444295, -0.24974747360421964], [-0.9566951406455251, 0.10016121046689413, 0.27331692187467194]], "fy": 578.5591777564451, "fx": 581.5412784147853}, {"id": 99, "img_name": "_DSC8780", "width": 616, "height": 409, "position": [-3.0001455385987654, -0.29670194458710997, -0.06386519972440192], "rotation": [[0.038369006880994434, -0.3996314901797798, 0.9158725300868318], [0.024957211750495888, 0.916644778083812, 0.398922910338978], [-0.9989519292201235, 0.007551348778056962, 0.045144437520308396]], "fy": 578.5591777564451, "fx": 581.5412784147853}, {"id": 100, "img_name": "_DSC8781", "width": 616, "height": 409, "position": [-2.9415030449185564, 0.020382052966210425, -0.06557476342379588], "rotation": [[0.027689649929959148, -0.06428460407671295, 0.997